000000000000000
111111111111111
000001000000010
001001011001110
001001011101101
011111111100100
010001101011001
000001000000000
010010000000000
000100100000000
011111111000000
001001011000000
000100000000000
000000011000000
100000000000000
000110000000000
000110000111111
000010000000110
000000011011011
000000010001111
000000011100110
010000001101001
000000011111101
000000000000111
000000011111111
000000011101111
001001000000000
000101000000000
010010001000000
000000011001000
000100110000000
101000010000011
000001010111011
000000011110111
001001010001111
000000000111001
001001000001111
000000001111001
000000001110001
000000010111101
000000011110110
001001000001001
000000000011110
010010001110000
000000000111000
000010100110110
010000100110110
000000000111111
000000011110011
010000000111111
010000011110011
000000011101101
001001000000001
000000000111110
000110000110000
010100000110110
010110100000000
000000011101110
000110000001001
000000000111001
010000100000000
000000000001111
010100000000000
000000000001000
000000100000000
001000001011000
010000001111000
000000011011000
000100010001110
000100001011000
001010011000000
000010010001110
001000001110000
001000000000000
000101000010000
011011000000000
000000000110000
001000011010100
001000001010000
000000011011100
000000101110000
000010010000110
000000001010000
010000010001000
000000001111000
000000000011100
000100000010000
010100000010100
010110100000000
000001010001110
000100001001000
000100101001001
001001000000000
010010010001001
000110011000000
000000000000000