0000000
0000110
0100010
1111110
1101101
1010010
1000110
0100000
0101001
0001011
0100001
1110000
0010000
1000000
0000000
1010010
0111111
0000110
1011011
1001111
1100110
1101101
1111101
0000111
1111111
1101111
0001001
0001101
1100001
1001000
1000011
1010011
1011111
1110111
1111100
0111001
1011110
1111001
1110001
0111101
1110110
0110000
0011110
1110101
0111000
0010101
0110111
0111111
1110011
1101011
0110011
1101101
1111000
0111110
0111110
0101010
1110110
1101110
1011011
00111001
1100100
0001111
0100011
0001000
0000010
1011111
1111100
1011000
1011110
1111011
1110001
1101111
1110100
0010000
0001100
1110101
0110000
0010100
1010100
1011100
1110011
1100111
1010000
1101101
1111000
0011100
0011100
0010100
1110110
1101110
1011011
1000110
0110000
1110000
0000001
0000000